2121
2125
2141
2142
2146
2174
2311
2314
2315
2318
2324
2328
2346
2347
2348
2349
2350
2353
2354
2356
2357
2358
2361
2364
2367
2369
2382
2383
2384
2386
2387
2388
2620
2667
2668
2682
2700
2708
2759
2762
2772
2907
2908
2913
2933
2934
2977
2981
2985
2990
2996
3005
3013
3015
3023
3043
3048
3067
3071
3110
3121
3124
3131
3132
3134
3135
3136
3138
3139
3140
3141
3142
3144
3145
3146
3155
3156
3157
3158
3159
3160
3161
3162
3163
3164
3165
3166
3167
3168
3169
3173
3175
3263
3264
3265
3266
3267
3268
3289
3292
3293
3294
3295
3296
3297
3400
3437
3453
3454
3513
3519
3528
3540
3541
3542
3625
3649
3763
3765
3767
3768
3777
3920
3922
3928
3931
3938
3939
3940
3941
3942
3943
3975
4107
4235
4258
4262
4270
4419
7378
7438
8414
9249
9379
9727
9736
9750
9980
10312
12378
12390
12396
12400
13111
14690
14763
14805
14827
14828
14832
14862
14931
14939
14970
15005
15038
15039
15050
15051
15122
15126
15180
16359
16360
16361
16362
16363
16364
16365
16366
16367
16368
16369
16383
16384
16386
16387
16388
16389
16393
16394
16395
16396
16397
16402
16403
16404
16405
16406
16407
16408
16409
16410
16411
16412
16413
16427
16470
16471
16472
16473
16474
16475
16476
16477
16479
16481
16483
16486
16488
16511
16517
16528
16531
16573
16588
16608
16648
16649
16660
16673
16677
16710
16715
16730
16764
16765
16766
16767
16768
16769
16770
16771
16772
16773
16774
16775
16776
16778
16779
16780
16781
16782
16783
16786
16787
16788
16790
16791
16793
16794
16797
16799
16802
16819
16827
16828
16829
16830
16831
16877
16882
16883
16884
16886
16887
16888
16889
16890
16894
16895
16896
16899
16900
16901
16902
16903
16912
16932
16933
16934
16955
16966
16967
16971
16991
16994
16995
17119
17179
17226
17295
17296
17298
17299
17306
17310
17434
17465
17505
17540
17542
17543
17544
17545
17555
17558
17559
17561
17562
17563
17567
17568
17569
17570
17573
17574
17575
17576
17577
17578
17579
17580
17581
17582
17583
17585
17586
17587
17588
17589
17590
17591
17592
17593
17594
17595
17596
17597
17599
17600
17601
17602
17603
17604
17605
17611
17613
17615
17636
17638
17663
17664
17666
17667
17674
17703
17704
17707
17717
17719
17722
17763
17778
17785
17810
17822
17837
17838
17840
17844
17849
17850
17851
17854
17857
17858
17859
17860
17861
17862
17874
17893
17897
17900
17904
17906
17909
17925
17926
17928
17931
17932
17933
17934
17935
17936
17937
17938
17960
17961
17967
17976
17978
17979
17982
17983
17986
17989
17990
17991
17995
17996
18010
18011
18013
18014
18023
18026
18043
18044
18085
18086
18087
18088
18101
18124
18149
18160
18239
18240
18242
18295
18310
18372
18475
18493
18495
18500
18575
18578
18579
18595
18596
18597
18598
18600
18601
18605
18610
18613
18648
18652
18653
18654
18659
18664
18705
18706
18736
18756
18783
18897
18911
18915
18926
18927
18931
18943
18944
18945
18952
18953
18954
18955
18956
18958
18964
18965
18966
18967
18970
18974
18996
19000
19003
19004
19005
19006
19009
19011
19013
19015
19016
19024
19047
19049
19050
19052
19055
19056
19063
19064
19066
19070
19071
19072
19073
19083
19084
19101
19102
19104
19106
19117
19124
19137
19139
19142
19251
19252
19259
19404
19405
19434
19467
19468
19484
19485
19486
19487
19488
19499
19561
19562
19564
19565
19566
19567
19665
19676
19740
19751
19752
19764
19790
19800
19818
19819
19820
19821
19822
19823
19824
19825
19826
19834
19835
19836
19837
19839
19840
19841
19842
19843
19844
19860
19862
19866
19867
19868
19869
19870
19887
19897
19904
19905
19906
19907
19908
19909
19913
19914
19915
19916
19919
19934
19977
19978
19979
19980
19981
19982
19983
19984
19985
20004
20005
20006
20007
20008
20009
20010
20011
20012
20015
20018
20027
20037
20052
20054
20227
20228
20239
20241
20244
20254
20261
20318
20319
20405
20428
20431
20432
20433
20488
20493
20522
20576
20583
20598
20599
20641
20644
20646
20655
20676
20677
20678
20679
20681
20682
20683
20719
20720
20732
20733
20773
20803
20806
20807
20908
20909
20910
20911
20912
20914
20915
20916
20991
21065
21089
21093
21199
21345
21413
21419
21472
21565
21568
21569
21573
21574
21575
21578
21579
21580
21584
21588
21607
21614
21619
21625
21680
21735
21737
21738
21739
21740
21742
21744
21749
21809
21810
21811
21812
21866
21924
21959
21966
21969
21970
21972
21973
21974
21979
21983
21993
21995
21996
21999
22001
22002
22003
22004
22005
22006
22007
22008
22010
22011
22013
22014
22015
22034
22035
22036
22037
22090
22130
22490
22626
22627
22640
22654
22682
22706
22707
22725
22748
22749
22750
22786
22801
22802
22803
22889
22895
22896
22937
22946
22947
22950
22954
22956
22957
22959
22960
22967
23038
23052
23059
23126
23150
23175
23207
23273
23999
24532
24884
25098
25220
25258
25260
25312
25530
25836
25877
25878
25879
25880
26733
26734
26735
26738
26739
26740
26741
26742
26743
26744
26745
26746
26750
26753
26755
26756
26757
26758
26759
26768
26782
26789
26791
26797
26799
26804
26813
26815
26823
26827
26830
26850
26865
26866
26876
26877
26878
26888
26889
26891
26892
26894
26900
26902
26904
26906
26914
26939
26946
26947
26974
26976
26986
27006
27016
27019
27021
27022
27033
27035
27038
27040
27045
27058
27070
27071
27078
27103
27104
27113
27122
27134
27140
27145
27275
27403
27404
27669
27673
27713
27715
27766
27767
27768
27770
27777
27778
27826
27838
27840
27856
27863
27917
27956
27965
28115
28187
28191
28237
28306
28435
28445
28513
28552
28607
28620
28867
28887
29368
29371
29372
29374
29377
29431
29432
29433
29480
29481
29492
29493
29503
29504
29519
29520
29521
29522
29525
29530
29531
29532
29533
29534
29539
29540
29541
29542
29543
29544
29545
29546
29547
29551
29557
29558
29559
29560
29561
29562
29582
29605
29612
29613
29614
29615
29616
29617
29618
29619
29620
29621
29622
29629
29630
29631
29632
29634
29638
29656
29657
29658
29659
29904
29911
30095
30560
30563
30593
30694
30891
30912
30939
30948
31053
31079
31081
31082
31090
31120
31194
31254
31446
31447
31627
31638
31652
31726
31923
32441
32628
32678
32950
33094
34208
34218
34219
34221
34274
34368
34541
34829
35038
35083
35084
35093
35123
35126
35130
35285
35305
35318
35335
35338
35350
35363
35364
35369
35398
35451
35466
35547
35715
35733
35781
35815
35821
36975
36989
36990
36992
36997
37001
37005
37007
37008
37023
37024
37027
37028
37029
37033
37034
37036
37037
37038
37039
37043
37051
37054
37057
37060
37065
37066
37068
37069
37070
37071
37077
37079
37080
37081
37082
37086
37087
37096
37132
37736
